1 10
2 10
3 10
4 10
5 10
6 11
7 20
8 100
9 100
10 100
11 101
12 111
13 250
14 250
15 250
16 250
17 250
18 250
19 250
20 250
21 250
22 250
23 250
24 250
25 250
26 250
27 250
28 250
29 250
30 250
31 250
32 250
33 1
34 1
35 10
36 11
37 256
38 256
39 88
40 256
41 256
42 256
43 232
44 256
45 256
46 256
47 233
48 256
49 256
50 256
51 233
52 256
53 256
54 256
55 242
56 256
57 256
58 256
59 242
60 220
61 220
62 220
63 220
64 220
65 220
66 220
67 220
68 220
69 220
70 220
71 220
72 220
73 220
74 220
75 1
76 220
77 220
78 220
79 220
80 222
81 256
82 256
83 256
84 256
85 188
86 256
87 256
88 256
89 256
90 256
91 220
92 256
93 256
94 256
95 256
96 256
97 220
98 1
99 256
100 256
101 256
102 256
103 256
104 256
105 33
106 33
107 28
108 180
109 256
110 256
111 256
112 256
113 256
114 256
115 256
116 28
117 180
118 256
119 256
120 256
121 256
122 256
123 256
124 256
125 28
126 180
127 256
128 256
129 256
130 256
131 256
132 256
133 256
134 30
135 180
136 256
137 256
138 256
139 256
140 256
141 256
142 256
143 40
144 180
145 256
146 256
147 256
148 256
149 256
150 256
151 256
152 256
153 256
154 256
155 256
156 256
157 256
158 256
159 256
160 256
161 256
162 82
163 256
164 256
165 256
166 256
167 256
168 256
169 256
170 256
171 256
172 256
173 256
174 256
175 256
176 256
177 27
178 256
179 256
180 256
181 256
182 256
183 256
184 256
185 256
186 256
187 256
188 256
189 256
190 256
191 256
192 256
193 256
194 12
195 12
