1 256
2 256
3 256
4 256
5 256
6 256
7 256
8 256
9 256
10 256
11 256
12 256
13 256
14 256
15 256
16 256
17 99
18 9
19 9
20 9
21 9
22 9
23 99
24 99
25 99
26 99
27 99
28 9
29 9
30 9
31 9
32 9
33 9
34 9
35 9
36 9
37 9
38 9
39 9
40 9
41 9
42 9
43 9
44 9
45 9
46 9
47 9
48 256
49 256
50 256
51 256
52 256
53 256
54 256
55 256
56 256
57 256
58 256
59 256
60 256
61 256
62 256
63 256
64 256
65 256
66 256
67 256
68 256
69 256
70 256
71 256
72 256
73 256
74 256
75 256
76 256
77 256
78 256
79 256
80 256
81 256
82 256
83 256
84 256
85 256
86 256
87 256
88 99
89 99
90 99
91 99
92 99
93 99
94 99
95 256
96 256
97 256
98 256
99 256
100 256
101 256
102 256
103 256
104 256
105 256
106 256
107 256
108 256
109 256
110 256
111 256
112 256
113 256
114 256
115 256
116 256
117 256
118 256
119 256
120 256
121 256
122 256
123 256
124 256
125 256
126 256
127 256
128 256
129 256
130 256
131 256
132 256
133 256
134 256
135 256
136 256
137 256
138 256
139 256
140 256
141 256
142 256
143 256
144 256
145 256
146 256
147 256
148 256
149 256
150 256
151 256
152 256
153 256
154 256
155 256
156 256
157 256
158 256
159 256
160 256
161 256
162 256
163 256
164 256
165 256
166 256
167 256
168 256
169 256
170 9
171 9
172 9
173 9
174 9
175 9
176 9
177 75
178 86
179 99
180 99
181 99
182 99
183 99
184 99
185 115
186 130
187 139
188 139
189 139
190 139
191 9
192 9
193 9
194 9
195 9
196 9
197 81
198 76
199 93
200 93
201 93
202 104
203 104
204 119
205 119
206 119
207 119
208 148
209 145
210 145
211 145
212 143
213 143
214 140
215 138
216 137
217 137
218 136
219 135
220 133
221 121
222 121
223 118
224 112
225 111
226 111
227 105
228 101
229 100
230 100
231 100
232 95
233 94
234 94
235 47
236 94
237 10
238 78
239 78
240 65
241 54
242 47
243 35
244 35
245 35
246 35
247 20
248 11
249 10
250 10
251 10
252 10
253 10
