1 78
2 256
3 15
4 256
5 256
6 256
7 6
8 6
9 49
10 256
11 256
12 244
13 256
14 256
15 256
16 256
17 60
18 9
19 7
20 256
21 256
22 256
23 256
24 256
25 61
26 9
27 7
28 256
29 256
30 256
31 256
32 62
33 9
34 7
35 256
36 256
37 256
38 256
39 256
40 221
41 256
42 256
43 256
44 256
45 256
46 9
47 33
48 97
49 97
50 6
51 256
52 256
53 256
54 256
55 244
56 208
57 256
58 256
59 256
60 256
61 256
62 256
63 256
64 256
65 246
66 10
67 256
68 256
69 242
70 220
71 256
72 256
73 256
74 256
75 256
76 256
77 256
78 256
79 256
80 256
81 256
82 256
83 256
84 256
85 256
86 208
87 10
88 11
89 256
90 244
91 256
92 256
93 256
94 256
95 256
96 256
97 256
98 208
99 256
100 256
101 256
102 233
103 256
104 256
105 256
106 256
107 256
108 256
109 256
110 210
111 10
112 256
113 256
114 256
115 232
116 256
117 255
118 89
119 256
120 256
121 256
122 256
123 256
124 256
125 256
126 256
127 256
128 256
129 256
130 256
131 82
132 10
133 256
134 244
135 256
136 256
137 256
138 256
139 188
140 100
141 111
142 100
143 256
144 256
145 256
146 256
147 256
148 256
149 256
150 256
151 256
152 256
153 256
154 256
155 256
156 256
157 256
158 256
159 256
160 256
161 256
162 256
163 256
164 256
165 256
166 256
167 256
168 256
169 256
170 256
171 256
172 256
173 256
174 256
175 256
176 256
177 256
178 256
179 24
180 22
181 20
182 245
183 255
184 220
185 10
186 10
187 245
188 244
189 254
190 82
191 10
192 152
193 200
194 100
195 111
196 100
197 40
198 66
199 233
200 101
201 244
